
throughput for ILP
# h5 ILP data  15s begin
y1 = [
    7.30, 7.77, 7.79, 7.77, 7.77, 7.79, 7.77, 7.77, 7.79,
    7.77, 7.77, 7.79, 7.77, 7.77, 7.79, 7.77, 7.77, 7.79, 7.77,
    7.77, 7.79, 7.77, 7.77, 7.79, 7.77, 7.77, 7.79, 7.75, 7.79,
    7.77, 7.77, 7.79, 7.77, 7.77, 7.79, 7.77, 7.77, 7.77, 7.77,
    7.77, 7.79, 7.77, 7.77, 7.77, 7.77, 7.79, 7.77, 7.77, 7.79,
    7.77, 7.77, 7.79, 7.77, 7.77, 7.79, 7.77, 7.76, 7.77, 7.77,
    7.79
]
# h6 data  5s begin
y2 = [
    7.03, 6.01, 6.00, 6.00, 6.00, 6.01, 6.00, 6.00, 6.00,
    6.00, 6.01, 6.00, 6.00, 6.00, 6.00, 6.01, 6.00, 6.00, 6.00,
    6.00, 6.01, 6.00, 6.00, 6.00, 6.00, 6.01, 6.00, 6.00, 6.00,
    6.00, 6.01, 6.00, 6.00, 6.00, 6.00, 6.01, 6.00, 6.00, 6.00,
    6.00, 6.01, 6.00, 6.00, 6.00, 6.01, 6.00, 6.00, 6.00, 6.00,
    6.01, 6.00, 6.00, 6.00, 6.00, 6.01, 6.00, 6.00, 6.00, 6.00,
    6.02
]
# h7 data  10s begin
y3 = [
    5.82, 5.00, 5.01, 5.00, 5.00, 5.00, 5.00, 5.00, 4.93,
    4.01, 3.87, 3.88, 3.86, 3.87, 3.89, 3.86, 3.86, 3.86, 3.88,
    3.85, 3.87, 3.86, 3.86, 3.86, 3.88, 3.87, 3.86, 3.88, 3.86,
    3.88, 3.86, 3.88, 3.86, 3.83, 3.87, 3.88, 3.87, 3.87, 3.86,
    3.85, 3.88, 3.87, 3.85, 3.87, 3.87, 3.86, 3.87, 3.86, 3.86,
    3.86, 3.85, 3.86, 3.83, 3.89, 3.89, 3.88, 3.89, 3.89, 3.88,
    3.89
]
# h8 data  0s begin
y4 = [
    4.45, 4.01, 4.00, 4.00, 4.00, 3.68, 3.56, 4.21, 4.21,
    4.17, 4.15, 4.01, 4.00, 4.00, 4.00, 3.99, 4.02, 3.96, 4.03,
    3.99, 4.01, 1.22, 0.329, 0.341, 0.353, 0.329, 0.329, 0.353, 0.341,
    0.341, 0.341, 0.353, 0.341, 0.353, 0.329, 0.353, 0.353, 0.329, 0.341,
    0.329, 0.353, 0.329, 0.353, 0.318, 0.353, 0.365, 0.341, 0.329, 0.329,
    0.318, 0.341, 0.376, 0.341, 0.329, 0.365, 0.329, 0.353, 0.341, 0.341,
    0.341
]

-----------------------------------------------------------------------------
----CSWP data---
# data for h5
6.70, 6.63, 6.29, 6.28, 6.33, 6.36, 6.33, 6.35, 6.28,
6.41, 6.29, 6.34, 6.29, 6.29, 6.32, 6.40, 6.43, 6.26, 6.43,
6.46, 6.32, 6.37, 6.35, 6.40, 6.40, 6.28, 6.37, 6.36, 6.28,
6.29, 6.37, 6.42, 6.37, 6.28, 6.35, 6.34, 6.36, 6.41, 6.30,
6.43, 6.39, 6.34, 6.36, 6.32, 6.39, 6.36, 6.35, 6.36, 6.37,
6.36, 6.36, 6.30, 6.30, 6.36, 9.89, 10.2, 10.2, 10.2, 8.69,
6.67,

# data for h6
6.67, 6.01, 6.00, 6.00, 6.00, 6.00, 6.01, 6.00, 6.00,
6.00, 6.00, 6.01, 6.00, 6.00, 6.00, 6.01, 6.00, 6.00, 6.00,
6.00, 6.01, 6.00, 6.00, 6.00, 6.00, 6.01, 6.00, 6.00, 6.00,
6.00, 6.01, 6.00, 6.00, 6.00, 6.00, 6.01, 6.00, 6.00, 6.00,
6.00, 6.01, 6.00, 6.00, 6.00, 6.00, 6.01, 6.00, 6.00, 6.00,
6.00, 6.01, 6.00, 6.00, 6.00, 6.00, 6.01, 6.00, 6.00, 6.00,
6.01,

# data for h7
5.69, 5.01, 5.00, 5.00, 5.00, 5.00, 4.93, 3.53, 3.59,
3.92, 3.94, 3.88, 3.74, 3.90, 3.83, 3.93, 3.80, 3.94, 3.85,
3.90, 3.92, 3.88, 3.81, 3.79, 3.94, 3.77, 3.73, 3.89, 3.83,
3.85, 3.83, 3.81, 3.92, 3.80, 3.86, 3.87, 3.97, 3.79, 3.77,
3.86, 3.92, 3.86, 3.90, 3.82, 3.79, 3.88, 3.77, 3.82, 3.85,
3.86, 3.89, 3.81, 3.89, 3.80, 3.88, 3.79, 3.85, 3.89, 3.89,
3.89

# data for h8
4.37, 4.00, 4.00, 4.01, 4.00, 4.00, 3.47, 4.20, 4.21,
4.12, 3.95, 4.06, 3.99, 4.00, 3.97, 3.99, 4.05, 3.99, 3.97,
4.03, 4.01, 4.00, 4.00, 3.99, 3.99, 4.02, 4.00, 4.01, 4.00,
3.99, 3.97, 4.02, 4.00, 3.97, 4.03, 4.00, 3.96, 4.05, 3.96,
4.03, 4.00, 4.00, 4.00, 4.00, 3.97, 4.00, 4.03, 3.99, 3.94,
4.05, 4.02, 4.00, 4.01, 3.99, 4.01, 4.00, 4.01, 3.99, 3.96,
4.01